Input	Normalized	Gene	First	Middle	Last	SD
24	raw	APOE	0.5979	0.5942	0.5683	0
24	raw	EGFR	0.5549	0.5583	0.541	0
24	raw	TNF	0.5741	0.5849	0.5594	0
24	raw	TP53	0.5391	0.5392	0.5147	0
24	raw	VEGFA	0.4789	0.4772	0.5031	0
24	zscore	APOE	0.5979	0.5942	0.5683	0
24	zscore	EGFR	0.5549	0.5583	0.541	0
24	zscore	TNF	0.5741	0.5849	0.5594	0
24	zscore	TP53	0.5391	0.5392	0.5147	0
24	zscore	VEGFA	0.4789	0.4772	0.5031	0
24	subtraction	APOE	0.5838	0.5913	0.6066	0
24	subtraction	EGFR	0.5414	0.5472	0.5669	0
24	subtraction	TNF	0.5457	0.5619	0.5996	0
24	subtraction	TP53	0.5184	0.5211	0.5402	0
24	subtraction	VEGFA	0.524	0.522	0.5083	0
48	raw	APOE	0.633	0.6396	0.5274	0
48	raw	EGFR	0.5935	0.604	0.5284	0
48	raw	TNF	0.5807	0.6081	0.5421	0
48	raw	TP53	0.5789	0.5789	0.5093	0
48	raw	VEGFA	0.4741	0.4696	0.4922	0
48	zscore	APOE	0.633	0.6396	0.5274	0
48	zscore	EGFR	0.5935	0.604	0.5284	0
48	zscore	TNF	0.5807	0.6081	0.5421	0
48	zscore	TP53	0.5789	0.5789	0.5093	0
48	zscore	VEGFA	0.4741	0.4696	0.4922	0
48	subtraction	APOE	0.6177	0.6384	0.6512	0
48	subtraction	EGFR	0.5592	0.5671	0.6075	0
48	subtraction	TNF	0.6028	0.6319	0.6528	0
48	subtraction	TP53	0.5348	0.5495	0.5797	0
48	subtraction	VEGFA	0.5291	0.5253	0.5274	0
96	raw	APOE	0.6931	0.7116	0.5195	0
96	raw	EGFR	0.6459	0.6554	0.5598	0
96	raw	TNF	0.5836	0.6128	0.5713	0
96	raw	TP53	0.6637	0.644	0.5067	0
96	raw	VEGFA	0.4543	0.4568	0.4471	0
96	zscore	APOE	0.6931	0.7116	0.5195	0
96	zscore	EGFR	0.6459	0.6554	0.5598	0
96	zscore	TNF	0.5836	0.6128	0.5713	0
96	zscore	TP53	0.6637	0.644	0.5067	0
96	zscore	VEGFA	0.4543	0.4568	0.4471	0
96	subtraction	APOE	0.7025	0.7331	0.6816	0
96	subtraction	EGFR	0.5946	0.6053	0.6413	0
96	subtraction	TNF	0.7237	0.7463	0.7521	0
96	subtraction	TP53	0.5859	0.592	0.6213	0
96	subtraction	VEGFA	0.558	0.561	0.5879	0
192	raw	APOE	0.7974	0.8208	0.6791	0
192	raw	EGFR	0.6888	0.73	0.6259	0
192	raw	TNF	0.5705	0.6172	0.7296	0
192	raw	TP53	0.716	0.686	0.5123	0
192	raw	VEGFA	0.5204	0.5203	0.5104	0
192	zscore	APOE	0.7974	0.8208	0.6791	0
192	zscore	EGFR	0.6888	0.73	0.6259	0
192	zscore	TNF	0.5705	0.6172	0.7296	0
192	zscore	TP53	0.716	0.686	0.5123	0
192	zscore	VEGFA	0.5204	0.5203	0.5104	0
192	subtraction	APOE	0.8428	0.869	0.8327	0
192	subtraction	EGFR	0.6378	0.7074	0.682	0
192	subtraction	TNF	0.8044	0.8278	0.7436	0
192	subtraction	TP53	0.6289	0.6437	0.6839	0
192	subtraction	VEGFA	0.6744	0.6772	0.6632	0
384	raw	APOE	0.9371	0.9637	0.8566	0
384	raw	EGFR	0.7362	0.8277	0.7042	0
384	raw	TNF	0.6459	0.8119	0.9081	0
384	raw	TP53	0.7775	0.7409	0.5497	0
384	raw	VEGFA	0.5632	0.5883	0.5855	0
384	zscore	APOE	0.9371	0.9637	0.8566	0
384	zscore	EGFR	0.7362	0.8277	0.7042	0
384	zscore	TNF	0.6459	0.8119	0.9081	0
384	zscore	TP53	0.7775	0.7409	0.5497	0
384	zscore	VEGFA	0.5632	0.5883	0.5855	0
384	subtraction	APOE	0.9257	0.9513	0.8989	0
384	subtraction	EGFR	0.7231	0.8232	0.7357	0
384	subtraction	TNF	0.8667	0.9657	0.7967	0
384	subtraction	TP53	0.7102	0.7155	0.7153	0
384	subtraction	VEGFA	0.7678	0.7866	0.7377	0
768	raw	APOE	0.9701	0.9972	0.9572	0
768	raw	EGFR	0.7969	0.8834	0.7688	0
768	raw	TNF	0.8179	0.9482	0.9734	0
768	raw	TP53	0.8598	0.8495	0.6498	0
768	raw	VEGFA	0.7221	0.7762	0.77	0
768	zscore	APOE	0.9701	0.9972	0.9572	0
768	zscore	EGFR	0.7969	0.8834	0.7688	0
768	zscore	TNF	0.8179	0.9482	0.9734	0
768	zscore	TP53	0.8598	0.8495	0.6498	0
768	zscore	VEGFA	0.7221	0.7762	0.77	0
768	subtraction	APOE	0.9625	0.9964	0.9505	0
768	subtraction	EGFR	0.7887	0.8914	0.8099	0
768	subtraction	TNF	0.9287	0.9972	0.9369	0
768	subtraction	TP53	0.8031	0.7755	0.7195	0
768	subtraction	VEGFA	0.9027	0.897	0.8189	0
1536	raw	APOE	0.9768	0.9981	0.9669	0
1536	raw	EGFR	0.8607	0.9491	0.8545	0
1536	raw	TNF	0.9675	0.9989	0.9678	0
1536	raw	TP53	0.9405	0.9117	0.6943	0
1536	raw	VEGFA	0.8414	0.9279	0.931	0
1536	zscore	APOE	0.9768	0.9981	0.9669	0
1536	zscore	EGFR	0.8607	0.9491	0.8545	0
1536	zscore	TNF	0.9675	0.9989	0.9678	0
1536	zscore	TP53	0.9405	0.9117	0.6943	0
1536	zscore	VEGFA	0.8414	0.9279	0.931	0
1536	subtraction	APOE	0.9944	0.9965	0.9529	0
1536	subtraction	EGFR	0.8502	0.9272	0.8764	0
1536	subtraction	TNF	0.9689	0.9991	0.9845	0
1536	subtraction	TP53	0.895	0.8743	0.7554	0
1536	subtraction	VEGFA	0.9579	0.9835	0.9021	0
3072	raw	APOE	0.9746	0.9989	0.9637	0
3072	raw	EGFR	0.9179	0.9792	0.8872	0
3072	raw	TNF	0.9679	0.9994	0.979	0
3072	raw	TP53	0.942	0.9764	0.6919	0
3072	raw	VEGFA	0.9455	0.9924	0.9686	0
3072	zscore	APOE	0.9746	0.9989	0.9637	0
3072	zscore	EGFR	0.9179	0.9792	0.8872	0
3072	zscore	TNF	0.9679	0.9994	0.979	0
3072	zscore	TP53	0.942	0.9764	0.6919	0
3072	zscore	VEGFA	0.9455	0.9924	0.9686	0
3072	subtraction	APOE	0.9953	0.9994	0.9799	0
3072	subtraction	EGFR	0.9211	0.9826	0.943	0
3072	subtraction	TNF	0.9694	0.9995	0.9922	0
3072	subtraction	TP53	0.9293	0.9656	0.7652	0
3072	subtraction	VEGFA	0.9761	0.9948	0.939	0
6144	raw	APOE	0.9794	0.9991	0.9632	0
6144	raw	EGFR	0.953	0.9946	0.9133	0
6144	raw	TNF	0.967	0.9995	0.9796	0
6144	raw	TP53	0.9392	0.9794	0.7696	0
6144	raw	VEGFA	0.9646	0.9976	0.9749	0
6144	zscore	APOE	0.9794	0.9991	0.9632	0
6144	zscore	EGFR	0.953	0.9946	0.9133	0
6144	zscore	TNF	0.967	0.9995	0.9796	0
6144	zscore	TP53	0.9392	0.9794	0.7696	0
6144	zscore	VEGFA	0.9646	0.9976	0.9749	0
6144	subtraction	APOE	0.9959	0.9994	0.9835	0
6144	subtraction	EGFR	0.9569	0.9919	0.9161	0
6144	subtraction	TNF	0.9702	0.9997	0.9935	0
6144	subtraction	TP53	0.9429	0.9794	0.7827	0
6144	subtraction	VEGFA	0.9763	0.9973	0.9432	0
12288	raw	APOE	0.9779	0.9991	0.9638	0
12288	raw	EGFR	0.9642	0.9962	0.9263	0
12288	raw	TNF	0.9673	0.9994	0.9812	0
12288	raw	TP53	0.9386	0.9794	0.7933	0
12288	raw	VEGFA	0.9704	0.9991	0.9766	0
12288	zscore	APOE	0.9779	0.9991	0.9638	0
12288	zscore	EGFR	0.9642	0.9962	0.9263	0
12288	zscore	TNF	0.9673	0.9994	0.9812	0
12288	zscore	TP53	0.9386	0.9794	0.7933	0
12288	zscore	VEGFA	0.9704	0.9991	0.9766	0
12288	subtraction	APOE	0.9953	0.9996	0.9851	0
12288	subtraction	EGFR	0.9663	0.9968	0.9247	0
12288	subtraction	TNF	0.9718	0.9996	0.9942	0
12288	subtraction	TP53	0.9472	0.984	0.8159	0
12288	subtraction	VEGFA	0.9792	0.999	0.9623	0
24576	raw	APOE	0.9772	0.999	0.9667	0
24576	raw	EGFR	0.9667	0.9959	0.9248	0
24576	raw	TNF	0.9658	0.9994	0.9805	0
24576	raw	TP53	0.9359	0.9787	0.8134	0
24576	raw	VEGFA	0.9706	0.9995	0.9746	0
24576	zscore	APOE	0.9772	0.999	0.9667	0
24576	zscore	EGFR	0.9667	0.9959	0.9248	0
24576	zscore	TNF	0.9658	0.9994	0.9805	0
24576	zscore	TP53	0.9359	0.9787	0.8134	0
24576	zscore	VEGFA	0.9706	0.9995	0.9746	0
24576	subtraction	APOE	0.995	0.9995	0.9845	0
24576	subtraction	EGFR	0.969	0.9968	0.9189	0
24576	subtraction	TNF	0.9698	0.9996	0.995	0
24576	subtraction	TP53	0.9483	0.9834	0.8205	0
24576	subtraction	VEGFA	0.9798	0.9995	0.9616	0
